0 0
1 1
2 1
3 1
4 2
5 0
6 1
7 0
8 1
9 1
10 2
11 1
12 1
13 1
14 1
15 0
16 0
17 0
18 0
19 2
20 0
21 0
22 1
23 0
24 0
25 1
26 0
27 0
28 0
29 1
30 2
31 2
32 1
33 0
34 2
35 2
36 1
37 1
38 1
39 1
40 0
41 1
42 0
43 0
44 1
45 2
46 0
47 1
48 1
49 2
50 1
51 0
52 0
53 1
54 1
55 0
56 0
57 2
58 0
59 2
60 0
61 0
62 2
63 1
64 2
65 2
66 2
67 1
68 0
69 1
70 1
71 2
72 1
73 0
74 0
75 2
76 1
77 2
78 1
79 1
80 0
81 0
82 0
83 0
84 0
85 0
86 1
87 1
88 2
89 2
90 2
91 2
92 2
93 0
94 1
95 2
96 1
97 2
98 0
99 1
100 0
101 0
102 0
103 0
104 0
105 0
106 1
107 0
108 1
109 2
110 0
111 1
112 0
113 0
114 1
115 2
116 2
117 2
118 2
119 0
120 1
121 0
122 1
123 1
124 1
125 2
126 0
127 2
128 0
129 0
130 0
131 0
132 2
133 1
134 2
135 1
136 0
137 0
138 0
139 2
140 1
141 0
142 0
143 2
144 2
145 1
146 2
147 2
148 0
149 2
150 1
151 2
152 2
153 1
154 0
155 0
156 0
157 1
158 0
159 2
160 0
161 1
162 0
163 0
164 0
165 2
166 1
167 1
168 2
169 0
170 0
171 1
172 1
173 2
174 1
175 2
176 1
177 1
178 1
179 1
180 2
181 1
182 0
183 0
184 0
185 2
186 2
187 1
188 2
189 0
190 1
191 1
192 2
193 1
194 1
195 2
196 1
197 1
198 0
199 0
200 1
201 1
202 2
203 1
204 0
205 1
206 2
207 1
208 0
209 0
210 1
211 1
212 1
213 1
214 1
215 0
216 1
217 0
218 0
219 0
220 1
221 1
222 2
223 1
224 2
225 1
226 1
227 1
228 1
229 0
230 1
231 0
232 1
233 1
234 0
235 2
236 0
237 0
238 0
239 2
240 1
241 0
242 1
243 0
244 0
245 0
246 1
247 1
248 2
249 0
250 2
251 1
252 0
253 2
254 0
255 2
256 2
257 0
258 1
259 2
260 0
261 0
262 0
263 0
264 0
265 1
266 0
267 2
268 2
269 1
270 1
271 2
272 2
273 1
274 1
275 1
276 2
277 0
278 2
279 1
280 2
281 0
282 0
283 1
284 1
285 1
286 1
287 0
288 1
289 2
290 1
291 1
292 1
293 0
294 1
295 0
296 0
297 2
298 1
299 0
300 0
301 0
302 2
303 0
304 1
305 0
306 1
307 0
308 2
309 0
310 1
311 2
312 0
313 2
314 0
315 0
316 2
317 2
318 2
319 1
320 1
321 0
322 0
323 2
324 1
325 0
326 2
327 2
328 0
329 1
330 2
331 1
332 1
333 1
334 0
335 0
336 0
337 0
338 1
339 1
340 1
341 1
342 1
343 1
344 0
345 1
346 0
347 0
348 0
349 0
350 0
351 1
352 1
353 1
354 1
355 1
356 0
357 0
358 1
359 1
360 1
361 0
362 0
363 1
364 1
365 0
366 0
367 0
368 0
369 1
370 0
371 1
372 0
373 0
374 1
375 1
376 0
377 0
378 0
379 1
380 1
381 0
382 1
383 0
384 0
385 0
386 1
387 1
388 1
389 1
390 1
391 1
392 0
393 1
394 0
395 0
396 1
397 1
398 1
399 1
400 1
401 1
402 1
403 1
404 0
405 0
406 0
407 0
408 1
409 1
410 1
411 0
412 0
413 1
414 0
415 0
416 0
417 1
418 0
419 0
420 0
421 0
422 0
423 0
424 0
425 1
426 1
427 0
428 0
429 1
430 1
431 1
432 0
433 1
434 1
435 0
436 0
437 1
438 0
439 1
440 0
441 1
442 0
443 0
444 0
445 1
446 1
447 0
448 2
449 2
450 0
451 2
452 1
453 2
454 1
455 1
456 2
457 0
458 0
459 1
460 0
461 0
462 0
463 2
464 1
465 2
466 0
467 1
468 1
469 1
470 0
471 0
472 2
473 2
474 1
475 0
476 1
477 0
478 1
479 0
480 1
481 0
482 1
483 0
484 2
485 2
486 0
487 1
488 0
489 2
490 1
491 1
492 2
493 2
494 1
495 2
496 2
497 1
498 2
499 0
500 0
501 0
502 2
503 1
504 1
505 0
506 1
507 2
508 2
509 2
510 0
511 0
512 2
513 2
514 1
515 1
516 1
517 2
518 0
519 0
520 2
521 1
522 2
523 0
524 2
525 0
526 0
527 1
528 1
529 1
530 2
531 0
532 2
533 1
534 2
535 1
536 1
537 0
538 0
539 0
540 0
541 1
542 0
543 0
544 0
545 0
546 1
547 0
548 0
549 1
550 0
551 0
552 0
553 1
554 0
555 0
556 0
557 0
558 1
559 0
560 1
561 0
562 0
563 0
564 1
565 1
566 1
567 0
568 1
569 1
570 0
571 0
572 1
573 1
574 1
575 0
576 1
577 0
578 1
579 1
580 1
581 0
582 0
583 0
584 1
585 0
586 1
587 1
588 0
589 1
591 0
592 0
593 1
594 1
595 1
596 1
597 1
598 0
599 1
600 0
601 1
602 1
603 0
604 0
605 1
606 1
607 0
608 0
609 1
610 1
611 0
612 0
613 0
614 1
615 1
616 1
617 0
618 1
619 0
620 0
621 1
622 1
623 0
624 0
625 1
626 0
627 1
628 0
629 1
630 1
631 1
632 1
633 0
634 0
635 0
636 0
637 0
638 1
639 1
641 1
643 1
644 0
645 0
646 0
647 0
648 0
649 1
650 1
651 0
652 1
653 0
654 0
655 0
656 1
657 0
658 0
659 0
660 1
661 0
662 0
663 1
664 0
665 1
666 2
667 2
668 0
669 1
670 1
671 0
672 1
673 0
674 2
675 1
676 0
677 0
678 1
679 0
680 0
681 1
682 1
683 1
684 1
685 1
686 0
687 1
688 0
689 0
690 0
691 1
692 1
693 1
694 1
695 1
696 1
697 1
698 2
699 1
700 1
701 1
702 0
703 2
704 1
705 1
706 0
707 0
708 1
709 1
710 0
711 1
712 1
713 1
714 1
715 1
716 1
717 0
718 2
719 2
720 1
721 1
722 0
723 2
724 1
725 1
726 2
727 1
728 2
729 0
730 2
731 1
732 0
733 2
734 2
735 1
736 1
737 1
738 1
739 1
740 0
741 0
742 1
743 1
744 1
745 1
746 2
747 2
748 1
749 0
750 1
751 0
752 1
753 1
754 0